,coef,se,pval
const,0.5474905052838035,0.016643506636712664,2.579157284919956e-237
income_index_mean,0.0029044375813858103,0.003434092388576629,0.39768345891783796
it_job_density_mean,2.429297441123001e-05,2.3863721217739107e-05,0.3086838067306845
built_area_m2_sum,-2.785825129299212e-09,1.7464381860548006e-09,0.11067943189449685
population_est,6.0207953880781195e-09,2.9071554729692115e-09,0.03835634010249876
aqi_mean,-2.9727018009556962e-05,7.066075388219567e-05,0.6739737596146178
Wx_income_index_mean,-0.004336408471756786,0.008022435814514773,0.588828033474055
Wx_it_job_density_mean,-2.2752146291621004e-06,6.257005182102369e-05,0.9709931733522499
Wx_built_area_m2_sum,-2.4538110170478807e-09,4.385981088267862e-09,0.5758431501193602
Wx_aqi_mean,-0.00013366582853238315,0.0002128519212698038,0.5300198763998845
Wx_population_est,5.179626245195144e-09,8.343896972532062e-09,0.5347521223138716
